Maul,
attributeScalePercent = 30.000000, 
offensivePhysicalMax = 162.000000, 
offensivePhysicalMin = 37.000000, 
