War Axe,
attributeScalePercent = 60.000000, 
offensivePhysicalMax = 415.000000, 
offensivePhysicalMin = 135.000000, 
