Enchanted Sword,
offensivePhysicalMax = 1.0, 1.000000, 1.0, 
offensivePhysicalMin = 1.0, 1.000000, 1.0, 
offensivePierceRatioMin = 18.0, 18.000000, 18.0, 
