Maul,
attributeScalePercent = 30.000000, 
offensivePhysicalMax = 83.0, 83.000000, 83.0, 
offensivePhysicalMin = 13.0, 13.000000, 13.0, 
