Warden's Verdict,
characterStrength = 8.0, 8.000000, 8.0, 
levelRequirement = 10, 
offensiveAetherMax = 11.0, 11.000000, 11.0, 
offensiveAetherMin = 3.0, 3.000000, 3.0, 
offensiveAetherModifier = 15.0, 15.000000, 15.0, 
offensivePhysicalMax = 54.0, 54.000000, 54.0, 
offensivePhysicalMin = 11.0, 11.000000, 11.0, 
