Broadsword,
offensivePhysicalMax = 83.0, 83.000000, 83.0, 
offensivePhysicalMin = 50.0, 50.000000, 50.0, 
offensivePierceRatioMin = 30.0, 30.000000, 30.0, 
